City_ID,City,Lat,Lng,Max Temp,Humidity,Cloudiness,Wind Speed,Country,Date
0,bredasdorp,-34.5322,20.0403,64.53,86,85,9.31,ZA,1704586479
1,new norfolk,-42.7826,147.0587,73.92,50,98,2.98,AU,1704586479
2,port-aux-francais,-49.35,70.2167,41.38,79,98,25.57,TF,1704586483
3,meldorf,54.0918,9.0687,33.85,91,100,10.98,DE,1704586483
4,lihue,21.9789,-159.3672,83.44,72,0,5.75,US,1704586222
5,isafjordur,66.0755,-23.124,28.99,66,55,8.97,IS,1704586484
6,galesong,-5.3166,119.3661,82.42,88,100,9.95,ID,1704586484
7,kabompo,-13.5927,24.2008,66.24,99,100,3.4,ZM,1704586484
8,kapuskasing,49.4169,-82.4331,6.89,85,100,10.36,CA,1704586484
9,flin flon,54.7682,-101.865,-2.36,78,100,6.91,CA,1704586484
10,holualoa,19.6228,-155.9522,79.56,73,20,8.05,US,1704586484
11,bilibino,68.0546,166.4372,-25.73,100,100,2.75,RU,1704586485
12,khanbari,27.3747,87.2039,48.43,54,6,3.91,NP,1704586485
13,college,64.8569,-147.8028,-13.94,75,40,0.0,US,1704586258
14,papao,-17.75,-149.55,85.68,75,100,2.91,PF,1704586485
15,hamilton,39.1834,-84.5333,38.08,94,100,6.91,US,1704586485
16,fale old settlement,-9.3852,-171.2468,83.82,68,85,3.4,TK,1704586485
17,upington,-28.4478,21.2561,75.58,41,0,8.05,ZA,1704586486
18,qaqortoq,60.7167,-46.0333,28.38,80,100,4.94,GL,1704586486
19,west island,-12.1568,96.8225,80.58,94,75,11.5,CC,1704586486
20,unicov,49.7709,17.1214,34.75,76,100,11.56,CZ,1704586486
21,puerto natales,-51.7236,-72.4875,50.63,72,100,4.21,CL,1704586486
22,nar'yan-mar,67.6713,53.087,3.11,95,52,7.0,RU,1704586486
23,geraldton,-28.7667,114.6,81.01,47,0,9.22,AU,1704586487
24,wailua homesteads,22.0669,-159.378,82.83,74,0,7.0,US,1704586487
25,errachidia,31.9275,-4.4285,44.65,33,0,4.61,MA,1704586487
26,waitangi,-43.9535,-176.5597,60.82,75,10,21.12,NZ,1704586487
27,grytviken,-54.2811,-36.5092,44.17,94,85,14.56,GS,1704586487
28,noyabrsk,63.1994,75.4507,-9.76,97,100,10.0,RU,1704586487
29,hermanus,-34.4187,19.2345,63.21,89,100,10.54,ZA,1704586488
30,whitehorse,60.7161,-135.0538,0.81,77,40,8.05,CA,1704586488
31,ushuaia,-54.8,-68.3,55.06,50,0,12.66,AR,1704586488
32,edinburgh of the seven seas,-37.0676,-12.3116,60.73,72,99,9.31,SH,1704586488
33,labytnangi,66.6572,66.4183,-6.09,90,77,7.0,RU,1704586488
34,kargopol',61.5071,38.9456,-14.13,97,65,2.68,RU,1704586488
35,enewetak,11.3474,162.3373,79.74,67,63,18.54,MH,1704586488
36,longyearbyen,78.2186,15.6401,3.04,78,75,9.22,SJ,1704586489
37,srbac,45.0978,17.525,46.53,91,100,5.01,BA,1704586489
38,adamstown,-25.066,-130.1015,72.75,67,96,15.95,PN,1704586489
39,afaahiti,-17.75,-149.2833,84.07,76,100,5.44,PF,1704586489
40,ribeira grande,38.5167,-28.7,60.78,92,100,14.0,PT,1704586489
41,avarua,-21.2078,-159.775,84.25,74,75,18.41,CK,1704586489
42,canton,23.1167,113.25,67.87,55,56,5.48,CN,1704586327
43,papatowai,-46.5619,169.4708,64.0,62,92,9.55,NZ,1704586490
44,jumla,29.2747,82.1838,32.09,37,0,4.65,NP,1704586490
45,novodvinsk,64.4165,40.8122,4.75,100,98,3.58,RU,1704586490
46,leava,-14.3,-178.1667,83.66,77,64,12.44,WF,1704586490
47,shimokizukuri,40.8061,140.3861,33.53,86,98,19.26,JP,1704586490
48,celestun,20.8667,-90.4,75.31,88,6,8.57,MX,1704586490
49,severo-yeniseyskiy,60.3725,93.0408,-6.14,98,100,5.59,RU,1704586491
50,ambatolampy,-19.3833,47.4167,63.27,98,100,3.15,MG,1704586491
51,fada,9.5667,8.3,67.5,20,11,5.32,NG,1704586491
52,camargo,27.6667,-105.1667,53.83,15,98,8.72,MX,1704586491
53,okhotsk,59.3833,143.3,-24.99,82,1,10.94,RU,1704586491
54,jinghong,21.991,100.7341,55.6,97,1,2.53,CN,1704586491
55,oamaru,-45.0784,170.9801,65.61,62,41,12.19,NZ,1704586492
56,yellowknife,62.456,-114.3525,-24.59,84,99,4.0,CA,1704586492
57,punta arenas,-53.15,-70.9167,53.71,62,0,21.85,CL,1704586492
58,slavonski brod,45.1603,18.0156,47.37,88,100,6.78,HR,1704586492
59,tiksi,71.6872,128.8694,-29.24,98,39,7.58,RU,1704586492
60,port augusta,-32.5,137.7667,82.89,47,14,8.12,AU,1704586492
61,margaret river,-33.95,115.0667,65.1,73,100,10.11,AU,1704586493
62,okha,53.5739,142.9478,-12.82,96,33,10.33,RU,1704586493
63,blackmans bay,-43.0167,147.3167,72.73,55,98,1.99,AU,1704586493
64,lobito,-12.3481,13.5456,76.71,78,100,4.38,AO,1704586493
65,polyarnyy,69.1989,33.4478,17.67,87,95,20.29,RU,1704586493
66,khorinsk,52.1657,109.7726,-13.58,97,91,1.66,RU,1704586493
67,mariental,-24.6333,17.9667,80.82,21,66,7.85,NA,1704586493
68,bethel,41.3712,-73.414,33.22,82,100,12.66,US,1704586351
69,yuzhno-kurilsk,44.0306,145.8556,29.37,79,100,6.15,RU,1704586494
70,kibre mengist,5.8833,38.9833,58.35,71,76,1.5,ET,1704586494
71,nemuro,43.3236,145.575,30.83,82,39,11.5,JP,1704586471
72,touros,-5.1989,-35.4608,80.83,75,87,11.81,BR,1704586303
73,itaituba,-4.2761,-55.9836,75.36,94,0,2.3,BR,1704586494
74,al bayda',32.7627,21.7551,50.99,66,0,13.24,LY,1704586494
75,utrik,11.2278,169.8474,80.11,66,70,18.01,MH,1704586494
76,jamestown,42.097,-79.2353,29.55,100,100,4.61,US,1704586313
77,anadyr,64.75,177.4833,5.5,85,75,6.71,RU,1704586495
78,georgetown,5.4112,100.3354,78.94,89,20,0.0,MY,1704586333
79,filipstad,59.7124,14.1683,-3.15,99,19,2.77,SE,1704586495
80,grantsville,40.5999,-112.4644,33.87,51,100,3.44,US,1704586495
81,amuntai,-2.4177,115.2494,77.61,91,100,1.36,ID,1704586495
82,gizo,-8.103,156.8419,84.24,73,100,3.71,SB,1704586495
83,christchurch,-43.5333,172.6333,78.53,46,24,6.91,NZ,1704586496
84,sinabang,2.4803,96.3801,78.57,87,100,6.89,ID,1704586496
85,pingyi,35.5006,117.6308,25.63,52,0,1.54,CN,1704586496
86,bikenibeu village,1.3673,173.1241,83.89,75,99,10.8,KI,1704586496
87,saipan,15.1355,145.701,83.1,74,40,14.97,MP,1704586496
88,dunedin,-45.8742,170.5036,64.13,67,90,9.04,NZ,1704586462
89,fomboni,-12.28,43.7425,83.39,77,91,6.49,KM,1704586496
90,weno,7.4515,151.8468,82.99,78,78,23.64,FM,1704586497
91,guerrero negro,27.9769,-114.0611,66.72,28,0,8.34,MX,1704586497
92,karratha,-20.7377,116.8463,89.2,30,11,9.35,AU,1704586497
93,petropavlovsk-kamchatsky,53.0452,158.6483,0.45,78,0,10.0,RU,1704586497
94,novyy urgal,51.0736,132.5642,-18.29,99,100,0.87,RU,1704586497
95,puerto ayora,-0.7393,-90.3518,76.55,94,98,7.0,EC,1704586497
96,kapa'a,22.0752,-159.319,84.18,73,0,7.0,US,1704586497
97,las heras,-46.5419,-68.9359,66.18,34,22,3.02,AR,1704586498
98,arica,-18.475,-70.3042,72.95,73,75,5.75,CL,1704586498
99,salavan,15.7167,106.4167,66.06,90,31,2.95,LA,1704586498
100,nogliki,51.8333,143.1667,-12.66,93,27,3.0,RU,1704586498
101,hondomachi-hondo,32.45,130.2,47.61,63,57,16.84,JP,1704586498
102,nesebar,42.7833,27.7333,45.48,81,51,7.67,BG,1704586498
103,cestos city,5.46,-9.5828,80.55,85,50,8.21,LR,1704586498
104,nyuzen,36.9333,137.5,35.91,95,100,2.1,JP,1704586499
105,tsiombe,-25.3,45.4833,73.56,95,51,4.83,MG,1704586499
106,st. john's,47.5649,-52.7093,12.97,78,100,15.01,CA,1704586221
107,yugorsk,61.3133,63.3319,-23.12,100,86,3.29,RU,1704586499
108,nadym,65.5333,72.5167,-1.89,90,67,9.04,RU,1704586499
109,ta`u,-14.2336,-169.5144,82.69,77,46,8.48,AS,1704586499
110,albany,42.6001,-73.9662,31.95,87,100,1.01,US,1704586428
111,lautoka,-17.6167,177.4667,82.26,83,75,6.91,FJ,1704586383
112,port elizabeth,-33.918,25.5701,65.32,81,0,4.61,ZA,1704586500
113,dongfeng,42.6403,125.5118,-4.29,94,15,7.29,CN,1704586500
114,hobyo,5.3505,48.5268,76.57,65,97,19.73,SO,1704586500
115,broome,42.2506,-75.833,28.33,95,100,4.0,US,1704586500
116,pingzhuang,42.0372,119.2889,-3.69,85,0,1.81,CN,1704586500
117,kirensk,57.7853,108.1119,9.97,95,100,8.99,RU,1704586500
118,haikou,20.0458,110.3417,67.39,85,5,6.31,CN,1704586269
119,ujae,8.9322,165.7642,81.0,68,84,19.13,MH,1704586501
120,ancud,-41.8697,-73.8203,56.97,76,87,4.09,CL,1704586501
121,box elder,41.5005,-112.8764,33.71,60,100,8.84,US,1704586501
122,invercargill,-46.4,168.35,62.02,76,90,10.0,NZ,1704586501
123,brisas de zicatela,15.8369,-97.0419,78.31,72,0,2.06,MX,1704586501
124,fort-shevchenko,44.5086,50.263,37.56,80,15,11.07,KZ,1704586502
125,sholokhovskiy,48.2807,41.0459,32.52,70,100,11.14,RU,1704586502
126,badger,64.8,-147.5333,-14.03,77,0,0.0,US,1704586503
127,fort st. john,56.2499,-120.8529,-4.11,77,100,10.36,CA,1704586503
128,altus,34.6381,-99.334,46.26,64,0,9.22,US,1704586503
129,miedzyzdroje,53.9292,14.451,30.58,73,58,13.11,PL,1704586504
130,zolochiv,49.806,24.8944,31.96,97,100,13.44,UA,1704586504
131,zherdevka,51.8486,41.4606,19.36,96,100,4.47,RU,1704586504
132,mchinji,-13.7984,32.8802,65.26,93,96,3.11,MW,1704586505
133,bandarbeyla,9.4942,50.8122,74.03,65,73,15.64,SO,1704586505
134,east lismore,-28.8193,153.2874,76.55,77,59,6.62,AU,1704586505
135,toliara,-23.35,43.6667,78.42,85,68,4.45,MG,1704586505
136,berezovo,63.9381,65.0419,-22.52,100,81,1.81,RU,1704586506
137,puerto baquerizo moreno,-0.9,-89.6,76.62,84,89,12.68,EC,1704586506
138,kayangel,8.0823,134.7173,83.39,78,84,14.9,PW,1704586506
139,sinjai,-5.1241,120.253,76.35,96,100,3.06,ID,1704586506
140,san andres,12.5847,-81.7006,81.75,73,70,15.95,CO,1704586507
141,carnarvon,-24.8667,113.6333,76.75,75,0,15.55,AU,1704586507
142,ust-nera,64.5667,143.2,-36.63,99,100,3.89,RU,1704586507
143,bintulu,3.1667,113.0333,79.21,94,20,3.44,MY,1704586507
144,galesburg,40.9478,-90.3712,33.71,95,100,3.44,US,1704586508
145,piti village,13.4626,144.6933,84.31,80,75,11.5,GU,1704586508
146,sabzevar,36.2126,57.6819,44.46,70,100,5.64,IR,1704586508
147,urangan,-25.3,152.9,82.2,74,65,14.0,AU,1704586508
148,remire-montjoly,4.9167,-52.2667,77.04,88,20,0.0,GF,1704586508
149,kuanda,56.3161,116.0806,-23.57,92,73,0.76,RU,1704586509
150,haiku-pauwela,20.9219,-156.3051,80.62,51,20,9.22,US,1704586509
151,arraial do cabo,-22.9661,-42.0278,75.51,87,1,6.02,BR,1704586213
152,nuku'alofa,-21.1333,-175.2,79.48,75,95,7.76,TO,1704586509
153,tomatlan,19.9333,-105.25,76.15,65,12,6.02,MX,1704586510
154,maintirano,-18.0667,44.0167,80.31,86,100,4.72,MG,1704586510
155,naze,28.3667,129.4833,58.12,56,74,13.91,JP,1704586510
156,mamou,10.5,-12.0,71.85,22,96,2.91,GN,1704586510
157,ulsteinvik,62.3432,5.8487,26.76,63,59,4.0,NO,1704586510
158,arno,60.1167,18.6333,19.78,92,69,3.31,SE,1704586511
159,zag,46.9441,99.165,-7.24,84,49,3.09,MN,1704586511
160,flying fish cove,-10.4217,105.6791,76.68,94,96,5.75,CX,1704586511
161,aasiaat,68.7098,-52.8699,12.83,81,100,3.27,GL,1704586512
162,klyuchi,52.2667,79.1667,19.04,96,100,4.59,RU,1704586512
163,caleta de carquin,-11.0925,-77.6267,72.88,83,80,10.02,PE,1704586512
164,bay city,43.5945,-83.8889,32.32,83,100,3.44,US,1704586512
165,san antonio de pale,-1.4014,5.6325,81.07,72,88,6.93,GQ,1704586513
166,luderitz,-26.6481,15.1594,65.07,72,0,14.47,NA,1704586513
167,ilulissat,69.2167,-51.1,17.62,73,100,3.44,GL,1704586513
168,cockburn town,21.4612,-71.1419,77.88,78,20,18.72,TC,1704586513
169,irara,-12.05,-38.7667,76.23,77,99,10.85,BR,1704586513
170,el kala,36.8956,8.4433,46.81,78,90,22.62,DZ,1704586514
171,tura,25.5198,90.2201,56.3,65,5,3.36,IN,1704586514
172,aberdeen,57.1437,-2.0981,34.29,96,43,2.3,GB,1704586392
173,stanley,54.868,-1.6985,35.71,94,20,2.3,GB,1704586514
174,nhamunda,-2.1861,-56.7131,74.01,97,100,3.85,BR,1704586515
175,cabo san lucas,22.8909,-109.9124,73.76,44,75,4.61,MX,1704586515
176,waingapu,-9.6567,120.2641,84.15,72,95,1.77,ID,1704586515
177,vorgashor,67.5833,63.95,-2.56,98,100,11.25,RU,1704586515
178,svobodnyy,51.4,128.1333,-17.73,88,23,5.64,RU,1704586338
179,nova vicosa,-17.8919,-39.3719,77.61,90,94,5.99,BR,1704586515
180,iqaluit,63.7506,-68.5145,-9.67,77,40,8.05,CA,1704586516
181,hawaiian paradise park,19.5933,-154.9731,78.31,83,75,10.36,US,1704586516
182,betio village,1.358,172.9211,83.95,75,99,10.71,KI,1704586516
183,tahoua,14.8888,5.2692,70.3,14,59,9.6,NE,1704586516
184,mangrol,21.1167,70.1167,63.99,39,10,11.97,IN,1704586516
185,tokar,18.4254,37.729,74.43,78,35,8.16,SD,1704586517
186,vilyuchinsk,52.9306,158.4028,1.92,77,7,8.28,RU,1704586517
187,brandon,27.9378,-82.2859,71.6,93,100,4.61,US,1704586518
188,nordholz,53.7833,8.6,30.29,93,100,20.71,DE,1704586518
189,es castell,39.8795,4.2854,48.88,76,20,11.5,ES,1704586518
190,atafu village,-8.5421,-172.5159,84.22,67,96,5.64,TK,1704586518
191,port mathurin,-19.6833,63.4167,81.64,79,46,3.2,MU,1704586518
192,acarau,-2.8856,-40.12,81.32,81,38,15.97,BR,1704586518
193,bellair-meadowbrook terrace,30.1788,-81.7434,69.75,71,40,9.22,US,1704586519
194,at taj,24.2049,23.2857,59.83,22,93,8.48,LY,1704586519
195,howard springs,-12.497,131.047,89.98,81,96,3.67,AU,1704586519
196,tazacorte,28.629,-17.9293,65.16,91,0,8.05,ES,1704586519
197,selfoss,63.9331,-20.9971,29.59,84,99,8.86,IS,1704586519
198,lompoc,34.6391,-120.4579,59.77,78,0,9.22,US,1704586519
199,pagar alam,-4.0167,103.2667,70.43,95,100,1.83,ID,1704586520
200,tabou,4.423,-7.3528,80.65,85,1,7.52,CI,1704586520
201,kota kinabalu,5.9749,116.0724,82.38,78,20,5.01,MY,1704586520
202,tual,-5.6667,132.75,84.65,73,89,8.72,ID,1704586520
203,namibe,-15.1961,12.1522,72.1,75,90,9.01,AO,1704586520
204,mount pearl,47.5166,-52.7813,12.15,78,75,29.93,CA,1704586520
205,guarapari,-20.6667,-40.4975,77.9,89,95,5.39,BR,1704586521
206,hithadhoo,-0.6,73.0833,82.8,75,100,13.56,MV,1704586521
207,morehead city,34.7229,-76.726,61.03,89,100,12.66,US,1704586247
208,uturoa,-16.7333,-151.4333,80.17,81,100,14.63,PF,1704586521
209,dyurtyuli,55.4911,54.8688,-0.29,97,100,4.94,RU,1704586521
210,cavelossim,15.1726,73.9419,73.27,84,57,3.8,IN,1704586521
211,kodiak,57.79,-152.4072,38.71,100,100,17.27,US,1704586488
212,baharly,38.4362,57.4316,50.18,39,100,16.4,TM,1704586522
213,ust'-ilimsk,58.0006,102.6619,17.44,94,100,10.0,RU,1704586522
214,emerald,-23.5333,148.1667,81.34,62,58,12.8,AU,1704586522
215,iskushuban,10.2837,50.23,65.5,69,44,7.09,SO,1704586522
216,hadibu,12.65,54.0333,73.71,68,76,11.74,YE,1704586523
217,nueva gerona,21.8833,-82.8,77.58,83,20,8.77,CU,1704586523
218,kokoda,-8.8785,147.7407,87.22,67,100,3.71,PG,1704586523
219,tazovsky,67.4667,78.7,1.06,91,81,13.11,RU,1704586523
220,ghanzi,-21.5667,21.7833,80.8,38,68,5.82,BW,1704586523
221,chonchi,-42.6128,-73.8092,60.01,77,82,1.45,CL,1704586523
222,tolanaro,-25.0319,46.9987,73.13,94,100,9.06,MG,1704586524
223,forster,-32.1667,152.5167,82.29,62,42,11.72,AU,1704586524
224,saint-pierre,-21.3393,55.4781,78.48,83,100,12.66,RE,1704586524
225,dawei,14.0833,98.2,71.26,74,72,3.47,MM,1704586524
226,anzhero-sudzhensk,56.081,86.0285,0.03,99,92,4.34,RU,1704586524
227,laizhou,37.1717,119.9214,27.82,51,26,10.63,CN,1704586524
228,mogocha,53.7333,119.7667,-29.07,98,9,2.51,RU,1704586525
229,onega,63.9061,38.1404,-9.18,100,100,4.68,RU,1704586525
230,rongelap,11.1635,166.8941,80.04,66,74,19.26,MH,1704586525
231,ust'-kulom,61.6864,53.6902,-28.08,100,55,2.73,RU,1704586525
232,burang,30.25,81.1667,13.57,46,0,2.86,CN,1704586525
233,alta,69.9689,23.2717,25.86,84,100,3.44,NO,1704586525
234,port lincoln,-34.7333,135.8667,71.49,76,61,7.4,AU,1704586526
235,valparaiso,-33.0393,-71.6273,67.48,74,20,5.75,CL,1704586526
236,kristiansund,63.1115,7.732,25.45,80,75,3.44,NO,1704586526
237,kailua-kona,19.6406,-155.9956,83.28,72,20,8.05,US,1704586249
238,constantia,44.1833,28.65,47.08,81,65,12.95,RO,1704586445
239,tadine,-21.55,167.8833,81.73,73,48,12.03,NC,1704586526
240,vila velha,-20.3297,-40.2925,78.75,81,75,4.61,BR,1704586526
241,tidjikja,18.5564,-11.4271,67.33,14,0,10.09,MR,1704586527
242,olonkinbyen,70.9221,-8.7187,21.31,85,100,12.37,SJ,1704586527
243,fort bragg,35.139,-79.006,51.82,88,100,10.36,US,1704586527
244,claveria,18.6074,121.0832,72.9,78,84,14.18,PH,1704586527
245,qarazhal,48.0078,70.7903,19.44,95,55,7.76,KZ,1704586527
246,songyuan,45.1171,124.8568,-5.46,94,90,5.86,CN,1704586527
247,sivas,39.7916,37.0019,30.83,80,0,13.8,TR,1704586528
248,san pedro pochutla,15.7333,-96.4667,80.31,72,2,2.98,MX,1704586528
249,port alfred,-33.5906,26.891,63.18,96,29,8.66,ZA,1704586528
250,saint john,45.2727,-66.0677,15.8,67,100,9.22,CA,1704586425
251,ixtapa,20.7,-105.2,76.23,65,75,5.99,MX,1704586528
252,jaru,-10.4389,-62.4664,75.42,94,83,4.7,BR,1704586529
253,moyynkum,44.2914,72.9469,38.07,89,100,7.96,KZ,1704586529
254,filingue,14.3521,3.3168,72.86,13,69,7.14,NE,1704586529
255,richfield,44.8833,-93.283,31.95,80,100,3.44,US,1704586529
256,las veredas,23.1388,-109.7075,73.11,44,100,11.5,MX,1704586529
257,halvad,23.0167,71.1833,59.97,40,0,8.88,IN,1704586529
258,pisco,-13.7,-76.2167,72.01,83,0,23.02,PE,1704586401
259,champerico,14.3,-91.9167,86.54,71,3,5.48,GT,1704586530
260,leiyang,26.4024,112.8591,52.48,81,36,1.95,CN,1704586530
261,rosso,16.4986,-15.8153,74.61,12,0,11.34,SN,1704586530
262,san patricio,28.017,-97.5169,63.16,49,68,2.35,US,1704586530
263,gadzhiyevo,69.2551,33.3362,17.8,87,93,21.12,RU,1704586530
264,thompson,55.7435,-97.8558,-5.64,77,100,5.75,CA,1704586531
265,berezovyy,51.6667,135.7,-8.3,97,97,1.34,RU,1704586342
266,lefkada,38.8275,20.7019,55.31,71,100,6.91,GR,1704586416
267,dabakala,8.3667,-4.4333,86.81,34,66,2.15,CI,1704586531
268,pombas,17.1503,-25.0201,69.58,66,1,7.2,CV,1704586531
269,kisangani,0.5167,25.2,71.62,81,60,0.76,CD,1704586531
270,raichur,16.2,77.3667,67.06,85,37,7.7,IN,1704586532
271,thames,-37.1333,175.5333,70.79,70,42,5.95,NZ,1704586532
272,hilo,19.7297,-155.09,78.53,82,75,10.36,US,1704586532
273,muroto-misakicho,33.2833,134.15,47.88,47,16,13.69,JP,1704586361
274,greymouth,-42.4667,171.2,64.74,66,19,7.0,NZ,1704586532
275,birjand,32.8663,59.2211,39.67,65,40,6.91,IR,1704586532
276,saint-philippe,-21.3585,55.7679,78.39,86,100,9.91,RE,1704586533
277,sitka,57.0531,-135.33,39.09,87,75,0.0,US,1704586493
278,pirallahi,40.4723,50.333,37.54,79,20,8.66,AZ,1704586533
279,saint-denis,48.9167,2.3333,41.49,86,100,11.5,FR,1704586533
280,mawlamyinegyunn,16.3833,95.2667,68.85,70,17,6.26,MM,1704586533
281,santa marta,11.2408,-74.199,80.24,82,44,12.44,CO,1704586533
282,hakkari,37.5833,44.1667,-2.42,84,100,0.0,TR,1704586534
283,ola,59.5833,151.2833,-24.12,85,13,8.46,RU,1704586534
284,saldanha,-33.0117,17.9442,62.65,95,86,10.18,ZA,1704586534
285,canico,32.6333,-16.85,66.83,86,75,11.5,PT,1704586534
286,kalianget,-7.05,113.9333,80.31,84,98,4.61,ID,1704586534
287,sydney,-33.8679,151.2073,82.54,63,75,21.85,AU,1704586420
288,kingston,17.997,-76.7936,81.55,79,20,16.11,JM,1704586535
289,val-d'or,48.1002,-77.7828,6.89,85,100,9.22,CA,1704586409
290,qarqaraly,49.4058,75.4742,10.33,97,53,5.06,KZ,1704586535
291,mugia,43.1041,-9.2179,40.91,77,100,7.9,ES,1704586535
292,zaozersk,69.4005,32.4476,18.19,79,82,16.46,RU,1704586535
293,polovinnoye,54.7914,65.9864,-4.74,97,59,6.67,RU,1704586536
294,an nuhud,12.7,28.4333,59.13,29,0,11.79,SD,1704586536
295,champoton,19.35,-90.7167,75.54,86,0,7.29,MX,1704586536
296,asilah,35.465,-6.0348,44.56,65,67,5.28,MA,1704586536
297,yanchep,-31.55,115.6833,82.94,45,65,11.52,AU,1704586536
298,bamboo flat,11.7,92.7167,79.14,76,23,9.66,IN,1704586536
299,calvinia,-31.4707,19.776,59.81,59,34,6.62,ZA,1704586537
300,prado,-17.3411,-39.2208,76.59,94,99,3.98,BR,1704586537
301,el granada,37.5027,-122.4694,54.81,86,75,18.41,US,1704586537
302,jambi city,-1.6,103.6167,75.27,96,100,1.54,ID,1704586537
303,dudinka,69.4058,86.1778,-7.33,98,100,18.01,RU,1704586537
304,burutu,5.3509,5.5076,79.75,84,1,5.26,NG,1704586537
305,pangai,-19.8,-174.35,79.93,78,79,9.04,TO,1704586537
306,kindu,-2.95,25.95,69.85,98,98,2.44,CD,1704586538
307,kot mumin,32.1895,73.028,46.17,43,0,1.54,PK,1704586538
308,truckee,39.328,-120.1833,26.96,92,100,5.99,US,1704586493
309,north bay,46.3168,-79.4663,17.11,86,100,11.7,CA,1704586538
310,kavieng,-2.5744,150.7967,85.03,74,64,9.33,PG,1704586538
311,axim,4.8699,-2.2405,80.42,84,32,8.23,GH,1704586538
312,northam,51.0333,-4.2167,43.61,89,3,7.09,GB,1704586539
313,howrah,22.5892,88.3103,59.0,88,10,6.91,IN,1704586539
314,long beach,33.767,-118.1892,64.78,73,0,10.36,US,1704586485
315,pamandzi,-12.7967,45.2794,80.38,94,0,0.0,YT,1704586539
316,udachny,66.4167,112.4,-9.15,96,100,15.28,RU,1704586539
317,bukoba,-1.3317,31.8122,67.87,82,68,4.72,TZ,1704586539
318,chhor,25.5167,69.7667,58.15,25,0,8.93,PK,1704586539
319,kasongo-lunda,-6.4667,16.8167,71.22,92,100,2.53,CD,1704586540
320,ingeniero jacobacci,-41.3427,-69.5448,68.29,30,61,18.3,AR,1704586540
321,basse-terre,16.1667,-61.6667,72.64,83,0,3.44,GP,1704586540
322,el tigre,8.8875,-64.2454,82.22,41,37,11.12,VE,1704586540
323,turmalina,-17.2856,-42.73,69.35,94,62,1.19,BR,1704586429
324,pimentel,-6.8367,-79.9342,75.49,73,0,13.8,PE,1704586540
325,sala consilina,40.3912,15.5989,46.38,93,88,2.17,IT,1704586540
326,argo,37.6333,22.7333,54.79,67,54,11.32,GR,1704586541
327,mount isa,-20.7333,139.5,87.57,58,75,11.5,AU,1704586541
328,camacupa,-12.0167,17.4833,62.02,91,100,1.77,AO,1704586541
329,sinop,41.7711,34.8709,45.14,50,94,15.03,TR,1704586541
330,borba,-4.3878,-59.5939,73.99,95,98,3.13,BR,1704586541
331,canutama,-6.5339,-64.3831,75.16,94,59,3.09,BR,1704586541
332,brigantine,39.4101,-74.3646,46.6,97,100,20.71,US,1704586419
333,calipatria,33.1256,-115.5142,64.89,21,16,7.29,US,1704586542
334,chibougamau,49.9168,-74.3659,-2.58,84,75,5.75,CA,1704586542
335,banda aceh,5.5577,95.3222,77.52,84,81,11.21,ID,1704586542
336,likiep,9.8251,169.3107,80.02,68,78,19.22,MH,1704586542
337,sechura,-5.5569,-80.8222,77.99,65,35,17.13,PE,1704586542
338,masvingo,-20.0637,30.8277,62.74,81,21,3.06,ZW,1704586542
339,erenhot,43.6475,111.9767,2.75,80,4,5.57,CN,1704586543
340,mary,37.0,62.5,51.19,44,100,8.03,TM,1704586543
341,slave lake,55.2834,-114.769,8.58,85,100,13.8,CA,1704586543
342,rosetta,31.4044,30.4164,59.38,87,15,8.48,EG,1704586543
343,khandyga,62.6667,135.6,-51.36,100,100,0.89,RU,1704586543
344,tocopilla,-22.092,-70.1979,71.22,76,35,10.63,CL,1704586543
345,anka,12.1138,5.9243,70.95,16,35,8.52,NG,1704586544
346,macclenny,30.2822,-82.1221,69.39,75,78,5.99,US,1704586544
347,thunder bay,48.4001,-89.3168,30.18,93,100,6.91,CA,1704586544
348,kavaratti,10.5669,72.642,82.35,77,79,9.44,IN,1704586544
349,vilyuysk,63.7553,121.6247,-41.01,98,49,5.01,RU,1704586544
350,muisne,0.6,-80.0333,77.72,86,91,5.44,EC,1704586544
351,nykarleby,63.5228,22.5307,-2.97,76,38,5.53,FI,1704586545
352,manta,-0.95,-80.7333,80.38,74,75,14.0,EC,1704586545
353,upper hutt,-41.1383,175.0502,67.42,33,9,4.21,NZ,1704586545
354,hammerfest,70.6634,23.6821,25.25,63,75,4.61,NO,1704586545
355,lata,40.1629,-8.3327,39.07,91,99,1.97,PT,1704586545
356,luanco,43.6152,-5.7934,46.02,91,55,5.12,ES,1704586545
357,ambon,-3.6954,128.1814,86.14,79,40,4.61,ID,1704586545
358,kolonia,50.9333,6.95,37.96,89,100,4.61,DE,1704586546
359,mirny,62.5353,113.9611,-7.06,88,100,6.6,RU,1704586546
360,tateyama,34.9833,139.8667,52.11,53,24,16.37,JP,1704586546
361,sitamau,24.0167,75.35,51.13,82,0,7.54,IN,1704586546
362,petauke,-14.2426,31.3253,65.37,82,95,3.51,ZM,1704586546
363,ar ruways,24.1103,52.7306,66.47,65,0,14.41,AE,1704586546
364,faya-largeau,17.9257,19.1043,64.89,16,0,11.92,TD,1704586547
365,al hufuf,25.3646,49.5653,55.74,67,0,8.05,SA,1704586547
366,vrangel',42.7297,133.0839,12.7,69,5,12.97,RU,1704586547
367,kawalu,-7.3817,108.2082,75.11,91,100,1.88,ID,1704586547
368,dowlatabad,32.7998,51.6955,29.88,64,0,4.61,IR,1704586547
369,eydhafushi,5.1033,73.0708,81.82,75,96,4.63,MV,1704586547
370,la ronge,55.1001,-105.2842,1.65,78,100,9.22,CA,1704586547
371,andalgala,-27.5819,-66.3165,75.92,58,12,6.38,AR,1704586548
372,ruteng,-8.6136,120.4721,68.47,84,100,0.63,ID,1704586548
373,susuman,62.7833,148.1667,-28.01,97,100,1.01,RU,1704586548
374,mejit,10.2753,170.8646,80.55,63,81,17.38,MH,1704586548
375,marks,51.7111,46.7486,11.16,90,100,2.73,RU,1704586548
376,kapit,2.0167,112.9333,75.97,97,87,0.78,MY,1704586548
377,praia da vitoria,38.7333,-27.0667,63.75,88,40,20.49,PT,1704586549
378,kol'chugino,56.3,39.3833,-14.1,98,80,5.64,RU,1704586549
379,l'aquila,42.365,13.3935,45.12,88,100,1.01,IT,1704586549
380,sandnessjoen,66.0217,12.6316,16.32,84,92,13.85,NO,1704586549
381,tianpeng,30.9866,103.9393,50.22,61,94,4.9,CN,1704586549
382,fort mcmurray,56.7268,-111.381,4.59,85,100,5.75,CA,1704586549
383,island harbour,50.724,-1.2758,40.93,90,99,5.01,GB,1704586550
384,nabire,-3.3667,135.4833,81.27,79,97,1.72,ID,1704586550
385,buka,40.8108,69.1986,50.65,41,100,6.4,UZ,1704586550
386,atasu,48.6814,71.6433,10.04,98,70,5.84,KZ,1704586550
387,arrifes,37.7667,-25.7,62.92,72,40,12.66,PT,1704586550
388,kpandae,8.4689,-0.0113,84.2,58,23,6.33,GH,1704586550
389,soio,-6.1349,12.3689,78.75,78,100,7.11,AO,1704586550
390,nadi,-17.8,177.4167,82.4,83,75,6.91,FJ,1704586551
391,ghadamis,30.1337,9.5007,50.29,42,38,9.78,LY,1704586551
392,taguatinga,-12.3857,-46.5711,74.46,88,94,2.33,BR,1704586551
393,san miguel siguila,14.9,-91.6167,63.39,72,0,0.0,GT,1704586551
394,teluknaga,-6.0989,106.6381,85.62,94,20,3.44,ID,1704586551
395,colonia menno,-22.3667,-59.8167,90.63,30,0,10.54,PY,1704586551
396,south hedland,-20.4089,118.5983,87.73,62,45,11.5,AU,1704586552
397,puerto deseado,-47.7503,-65.8938,56.03,66,11,23.69,AR,1704586288
398,pemangkat,1.1667,108.9667,78.21,86,100,3.76,ID,1704586552
399,talnakh,69.4865,88.3972,-7.8,98,100,9.73,RU,1704586552
400,bodo,67.28,14.405,26.78,86,75,14.97,NO,1704586552
401,campos belos,-13.0367,-46.7717,71.31,96,99,2.93,BR,1704586552
402,bratske,47.865,31.5731,41.54,95,100,3.71,UA,1704586553
403,egilsstadir,65.2653,-14.3948,13.91,85,0,5.75,IS,1704586553
404,san sebastian de la gomera,28.0916,-17.1133,68.36,82,100,1.14,ES,1704586553
405,yangjiang,21.85,111.9667,64.96,79,75,5.03,CN,1704586553
406,ad dawadimi,24.5077,44.3924,54.75,55,34,11.12,SA,1704586554
407,santa cruz,-17.8,-63.1667,81.86,83,20,6.91,BO,1704586554
408,coronel dorrego,-38.7187,-61.2873,68.43,63,17,10.0,AR,1704586554
409,klaksvik,62.2266,-6.589,36.52,66,74,14.81,FO,1704586554
410,aykhal,66.0,111.5,-11.31,98,100,9.98,RU,1704586554
411,hasaki,35.7333,140.8333,46.8,61,29,26.35,JP,1704586555
412,taroa,8.7058,171.2275,80.06,69,98,17.25,MH,1704586555
413,kristinestad,62.2743,21.376,-3.32,96,13,6.29,FI,1704586555
414,fortuna,40.5982,-124.1573,49.66,77,75,14.97,US,1704586555
415,lepsy,46.235,78.9456,33.15,99,100,2.55,KZ,1704586555
416,mokhsogollokh,61.4681,128.9203,-51.77,100,67,0.29,RU,1704586555
417,urzhar,47.093,81.6294,32.04,99,100,1.66,KZ,1704586556
418,antsohihy,-14.8796,47.9875,76.64,92,82,0.67,MG,1704586556
419,bereznik,62.8551,42.7072,-14.12,100,80,2.06,RU,1704586556
420,barah,13.7,30.3667,62.01,29,11,10.0,SD,1704586556
421,mahalapye,-23.1041,26.8142,75.47,51,9,7.27,BW,1704586556
422,mount gambier,-37.8333,140.7667,72.91,82,100,3.74,AU,1704586556
423,dwarka,22.2394,68.9678,69.57,47,3,15.66,IN,1704586556
424,port hedland,-20.3167,118.5667,87.85,62,45,11.5,AU,1704586557
425,callao,-12.0667,-77.15,78.71,69,40,14.97,PE,1704586557
426,barras,-4.2444,-42.2944,82.54,69,59,4.65,BR,1704586557
427,lensk,60.7253,114.9278,-5.42,88,100,3.2,RU,1704586557
428,larisa,39.6372,22.4203,49.89,87,75,4.61,GR,1704586557
429,vacha,55.8008,42.7706,-4.95,98,97,4.14,RU,1704586557
430,sambava,-14.2667,50.1667,79.27,87,95,4.68,MG,1704586557
431,orchard homes,46.8633,-114.0484,35.33,67,100,1.01,US,1704586558
432,kaihua,23.3687,104.28,53.8,97,89,5.91,CN,1704586558
433,shakawe,-18.3667,21.85,70.0,81,46,3.04,BW,1704586558
434,toyooka,35.5333,134.8333,37.45,100,40,6.91,JP,1704586558
435,rio de janeiro,-22.9028,-43.2075,78.8,81,75,12.66,BR,1704586558
436,gul'kevichi,45.3538,40.6946,40.33,82,99,7.36,RU,1704586558
437,kalmunai,7.4167,81.8167,76.26,89,61,4.92,LK,1704586391
438,horodenka,48.6727,25.5016,37.87,89,100,9.82,UA,1704586559
439,ad dilam,23.9915,47.1627,55.81,56,0,4.92,SA,1704586559
440,cidreira,-30.1811,-50.2056,73.17,86,8,20.76,BR,1704586559
441,ketchikan,55.3422,-131.6461,39.18,81,40,6.91,US,1704586560
442,vedasandur,10.5333,77.95,72.28,92,99,2.64,IN,1704586560
443,igarka,67.4667,86.5833,-14.13,99,100,9.4,RU,1704586560
444,magadan,59.5667,150.8,-23.96,81,5,7.52,RU,1704586560
445,xinpu,34.5997,119.1594,29.8,58,0,5.41,CN,1704586560
446,al bardiyah,31.7561,25.0865,61.2,35,74,24.87,LY,1704586560
447,carbondale,37.7273,-89.2168,39.49,91,100,5.75,US,1704586399
448,kencong,-8.2833,113.3667,76.73,81,100,2.48,ID,1704586561
449,brookings,44.3114,-96.7984,23.18,82,100,12.66,US,1704586561
450,grootfontein,-19.5667,18.1167,70.68,70,67,6.87,NA,1704586561
451,walvis bay,-22.9575,14.5053,64.89,82,8,14.74,NA,1704586561
452,shimoda,34.6667,138.95,55.76,54,5,23.98,JP,1704586561
453,mandera,3.9366,41.867,80.55,33,15,8.41,KE,1704586561
454,kapiri mposhi,-13.9652,28.6809,62.26,95,82,3.8,ZM,1704586562
455,zhongshan,21.3226,110.5829,65.77,84,48,9.42,CN,1704586562
456,yashkul',46.1711,45.3435,34.25,76,99,4.52,RU,1704586562
457,basco,20.4487,121.9702,74.26,63,54,21.23,PH,1704586562
458,nizhniy ingash,56.2,96.53,19.13,86,100,11.77,RU,1704586562
459,la passe,45.5549,-0.8967,41.23,87,8,10.51,FR,1704586563
460,altai,46.3722,96.2583,13.6,56,61,5.39,MN,1704586563
461,pangody,65.85,74.4859,-6.54,93,54,10.58,RU,1704586563
462,sangin,32.0728,64.8359,50.81,54,0,3.98,AF,1704586563
463,kamiiso,41.8167,140.65,34.18,60,75,10.36,JP,1704586563
464,sisimiut,66.9395,-53.6735,13.24,81,100,5.06,GL,1704586563
465,isnos,1.9356,-76.2406,60.17,97,92,1.32,CO,1704586564
466,lovrin,45.9681,20.7703,49.21,70,100,6.4,RO,1704586564
467,berehomet,48.1788,25.3486,38.7,89,100,3.18,UA,1704586564
468,chinde,26.8418,88.0763,45.55,60,2,4.52,NP,1704586564
469,tromso,69.6496,18.957,33.82,80,40,9.22,NO,1704586564
470,bolgatanga,10.7856,-0.8514,79.61,17,72,6.53,GH,1704586564
471,akureyri,65.6835,-18.0878,19.33,79,0,5.75,IS,1704586434
472,lodeynoye pole,60.726,33.5531,-20.4,100,61,1.28,RU,1704586565
473,formosa,-26.1775,-58.1781,84.18,74,0,5.75,AR,1704586565
474,amga,60.8953,131.9608,-56.43,100,73,1.03,RU,1704586565
475,lebu,-37.6167,-73.65,60.22,91,11,3.51,CL,1704586565
476,jodhpur,26.2867,73.03,51.37,50,0,9.15,IN,1704586566
477,conceicao do mato dentro,-19.0372,-43.425,68.97,95,53,1.72,BR,1704586566
478,tuy hoa,13.0833,109.3,73.27,89,88,8.25,VN,1704586566
479,roccella ionica,38.322,16.4009,54.37,77,92,6.73,IT,1704586566
480,santa elena de uairen,4.6167,-61.1333,74.88,60,88,5.06,VE,1704586567
481,jiazi,22.8779,116.067,61.18,77,79,16.64,CN,1704586567
482,keflavik,64.0049,-22.5624,40.91,93,100,23.02,IS,1704586567
483,aguas vermelhas,-15.7472,-41.46,69.6,97,100,1.72,BR,1704586518
484,qamdo,31.1667,97.2333,14.14,53,84,3.0,CN,1704586567
485,coalcoman de vazquez pallares,18.7833,-103.15,69.73,66,4,2.82,MX,1704586567
486,batesville,35.7698,-91.641,40.64,96,100,3.44,US,1704586402
487,ambanja,-13.6833,48.45,76.89,91,80,3.22,MG,1704586568
488,cill airne,52.05,-9.5167,37.24,88,10,1.07,IE,1704586568
489,clinton,42.587,-82.9199,33.13,88,100,4.61,US,1704586420
490,akrehamn,59.2667,5.1833,26.42,86,30,12.66,NO,1704586568
491,ribas do rio pardo,-20.4431,-53.7592,83.62,47,80,7.34,BR,1704586568
492,ouesso,1.6136,16.0517,71.94,71,52,1.14,CG,1704586569
493,usogorsk,63.4106,48.6872,-28.34,100,95,2.64,RU,1704586569
494,soe,-9.8607,124.284,77.18,71,89,0.45,ID,1704586569
495,nago,26.5881,127.9761,67.05,63,42,13.22,JP,1704586569
496,alice springs,-23.7,133.8833,90.95,40,73,4.61,AU,1704586569
497,kununurra,-15.7667,128.7333,85.98,74,100,6.91,AU,1704586570
498,itoman,26.1247,127.6694,68.02,71,75,13.8,JP,1704586570
499,ciudad lazaro cardenas,17.9583,-102.2,78.89,63,0,5.82,MX,1704586570
500,puerto leguizamo,-0.1934,-74.7819,77.92,62,12,1.74,CO,1704586570
501,birao,10.2849,22.7882,63.43,24,6,5.79,CF,1704586571
502,pokhara,28.2333,83.9833,51.58,35,0,5.66,NP,1704586507
503,pacific grove,36.6177,-121.9166,54.66,85,100,14.97,US,1704586499
504,porto novo,6.4965,2.6036,79.88,83,2,4.92,BJ,1704586571
505,port blair,11.6667,92.75,79.23,75,21,10.09,IN,1704586572
506,vilhena,-12.7406,-60.1458,70.65,98,89,3.33,BR,1704586572
507,leh,34.1667,77.5833,15.31,51,2,2.1,IN,1704586572
508,nguruka,-5.1092,31.0419,64.53,96,66,2.35,TZ,1704586572
509,vernon,50.2581,-119.2691,38.61,97,100,3.44,CA,1704586572
510,palopo,-2.9996,120.1921,77.43,91,100,1.54,ID,1704586573
511,inongo,-1.95,18.2667,73.89,89,100,3.42,CD,1704586573
512,raigarh,21.9,83.4,62.53,57,51,2.57,IN,1704586573
513,iskateley,67.6803,53.1512,3.02,95,49,7.0,RU,1704586573
514,sao miguel do araguaia,-13.275,-50.1628,73.11,94,80,3.0,BR,1704586411
515,port dickson,2.5228,101.7959,79.02,90,100,5.32,MY,1704586573
516,al bawiti,28.3492,28.8659,54.75,55,0,3.58,EG,1704586574
517,correntina,-13.3433,-44.6367,72.73,87,73,2.53,BR,1704586574
518,padang,-0.9492,100.3543,75.25,96,100,2.59,ID,1704586574
519,bukittinggi,-0.3091,100.3706,66.11,99,100,1.07,ID,1704586574
520,punta del este,-34.9667,-54.95,77.97,88,100,4.61,UY,1704586574
521,suntar,62.1444,117.6319,-21.98,95,98,5.75,RU,1704586574
522,priozersk,61.0393,30.1291,-7.01,100,25,5.35,RU,1704586575
523,jerome,42.7241,-114.5186,32.68,91,100,6.91,US,1704586575
524,casper,42.8666,-106.3131,27.72,62,0,11.99,US,1704586556
525,riberalta,-10.9833,-66.1,75.45,93,99,2.91,BO,1704586575
526,turpan,42.9333,89.1667,26.49,61,96,3.29,CN,1704586575
527,kendari,-3.945,122.4989,76.96,92,100,1.14,ID,1704586575
528,xining,36.6167,101.7667,21.87,36,8,1.81,CN,1704586576
529,prince rupert,54.3161,-130.3201,39.29,81,100,14.97,CA,1704586576
530,kirakira,-10.4544,161.9205,84.33,74,90,5.68,SB,1704586576
531,saint-joseph,-21.3667,55.6167,77.38,86,95,9.93,RE,1704586576
532,sao joao batista,-27.2761,-48.8494,77.85,94,68,1.36,BR,1704586577
533,namtsy,62.7161,129.6658,-58.25,100,77,1.25,RU,1704586577
534,syktyvkar,61.6764,50.8099,-27.09,74,20,2.24,RU,1704586505
535,grand falls-windsor,48.9332,-55.6649,9.5,72,100,8.99,CA,1704586577
536,saynshand,44.8824,110.1163,-3.89,89,13,3.56,MN,1704586577
537,kudahuvadhoo,2.6708,72.8944,83.08,74,71,10.22,MV,1704586578
538,malango,-2.9627,119.9001,71.53,94,100,0.78,ID,1704586578
539,baruun-urt,46.6806,113.2792,-16.29,98,49,6.85,MN,1704586578
540,timbuktu,16.7735,-3.0074,73.65,13,99,9.44,ML,1704586578
541,brezina,33.0989,1.2608,42.06,58,78,9.51,DZ,1704586578
542,keren,15.7778,38.4581,61.07,79,4,5.61,ER,1704586578
543,halifax,44.6453,-63.5724,16.5,78,72,3.0,CA,1704586579
544,coquimbo,-29.9533,-71.3436,64.13,82,20,10.36,CL,1704586397
545,nuuk,64.1835,-51.7216,25.41,80,100,15.01,GL,1704586380
546,cadale,2.7603,46.3222,76.73,75,2,17.63,SO,1704586579
547,vadso,70.0744,29.7487,21.36,86,40,14.97,NO,1704586579
548,taroudant,30.4703,-8.877,54.37,86,75,4.07,MA,1704586579
549,santa ana,33.7456,-117.8678,64.65,59,100,11.5,US,1704586572
550,wau,7.7029,27.9953,71.26,20,80,5.01,SS,1704586580
551,goure,13.9835,10.2704,64.35,20,98,8.55,NE,1704586580
552,rawson,-43.3002,-65.1023,60.91,82,2,11.86,AR,1704586580
553,piploda,23.35,75.4333,53.31,85,0,7.52,IN,1704586580
554,manggar,-2.8833,108.2667,78.98,84,100,4.79,ID,1704586580
555,port-vila,-17.7338,168.3219,83.35,73,28,11.05,VU,1704586581
556,mulayjah,27.271,48.4242,57.54,48,3,10.07,SA,1704586581
557,el nido,11.1858,119.3956,81.59,79,85,7.83,PH,1704586581
558,kutahya,39.4242,29.9833,40.68,85,57,6.33,TR,1704586517
559,ponta delgada,37.7333,-25.6667,65.19,72,40,12.66,PT,1704586581
560,el alto,-4.2714,-81.2147,74.86,77,88,15.7,PE,1704586581
561,ranchettes,41.2186,-104.7903,26.51,37,0,18.41,US,1704586582
562,inhambane,-23.865,35.3833,74.28,83,2,6.11,MZ,1704586582
563,kulhudhuffushi,6.6221,73.07,81.36,74,97,3.29,MV,1704586582
564,rurrenabaque,-14.4413,-67.5278,78.89,87,94,1.86,BO,1704586582
565,uliastay,47.7417,96.8444,9.36,70,94,6.2,MN,1704586582
566,lucas,41.6501,-83.6666,35.56,91,100,6.91,US,1704586582
567,minas de marcona,-15.2119,-75.1103,64.63,82,35,13.98,PE,1704586583
568,dryden,49.7833,-92.7503,17.89,86,100,5.75,CA,1704586583
569,quellon,-43.1167,-73.6167,56.03,76,62,5.77,CL,1704586583
570,fresnillo,23.1667,-102.8833,62.15,21,100,7.81,MX,1704586583
571,qui nhon,13.7667,109.2333,73.35,84,94,9.13,VN,1704586583
572,kumagunnam,13.1551,10.6342,65.55,19,68,8.93,NG,1704586583
573,kenai,60.5544,-151.2583,29.08,91,100,10.36,US,1704586568
574,mafra,-26.1114,-49.8053,66.0,96,62,4.34,BR,1704586584
575,uyskoye,54.3775,60.0047,10.62,96,100,4.27,RU,1704586584
576,kibaya,-5.3,36.5667,59.85,95,53,1.23,TZ,1704586584
577,east london,-33.0153,27.9116,66.83,85,61,7.92,ZA,1704586512
578,puerto san jose,13.9256,-90.8244,78.73,74,2,3.8,GT,1704586584
579,tingi,-11.3,35.0333,64.04,92,99,2.06,TZ,1704586585
580,igrim,63.1906,64.4162,-21.69,100,30,2.71,RU,1704586585
581,alofi,-19.0595,-169.9187,87.69,66,46,11.5,NU,1704586585
582,tapiramuta,-11.8472,-40.7914,72.55,78,100,1.21,BR,1704586585
583,margate,51.3813,1.3862,39.9,68,97,11.01,GB,1704586585
584,pazarcik,37.4869,37.2996,32.2,58,43,4.68,TR,1704586586
585,culfa,38.9558,45.6308,31.87,54,0,0.87,AZ,1704586586
586,ishigaki,24.3448,124.1572,66.33,68,20,14.97,JP,1704586586
587,geneina,13.45,22.45,61.61,18,0,10.58,SD,1704586586
588,rajsamand,25.0667,73.8833,47.71,51,0,2.35,IN,1704586586
589,suluktu,39.9337,69.57,36.88,49,100,5.64,KG,1704586587
590,tenno,39.9,139.9667,34.81,54,98,24.7,JP,1704586587
